     2     0
     1       -0.767116       -1.127764        0.000000
     2       -0.769355       -1.120021       -0.303524
     3       -0.896137       -1.020282       -0.303463
     4       -0.894908       -1.022889        0.000000
     5       -0.630889       -1.203087        0.000000
     6       -0.635528       -1.199582       -0.303541
     7       -0.495363       -1.266065       -0.303519
     8       -0.499298       -1.268092       -0.607000
     9       -0.640148       -1.198138       -0.606998
    10       -0.777106       -1.119566       -0.607000
    11       -0.494486       -1.269552        0.000000
    12       -0.346312       -1.314500        0.000000
    13       -0.346753       -1.313073       -0.303510
    14       -0.193608       -1.344260       -0.303495
    15       -0.195028       -1.345792       -0.607000
    16       -0.348751       -1.313760       -0.607000
    17       -0.193382       -1.345954        0.000000
    18       -0.037518       -1.361305        0.000000
    19       -0.037395       -1.358279       -0.303512
    20        0.119547       -1.352393       -0.303498
    21        0.119135       -1.353266       -0.607000
    22       -0.038284       -1.361229       -0.606999
    23        0.119789       -1.353202        0.000000
    24        0.276576       -1.335654        0.000000
    25        0.275435       -1.331916       -0.303496
    26        0.427077       -1.288980       -0.303507
    27        0.427242       -1.289950       -0.607000
    28        0.275831       -1.335880       -0.607000
    29        0.427510       -1.289869        0.000000
    30        0.574637       -1.233155        0.000000
    31        0.573707       -1.231368       -0.303486
    32        0.712855       -1.156880       -0.303497
    33        0.713809       -1.158766       -0.607000
    34        0.574283       -1.233343       -0.607000
    35        0.713741       -1.158802        0.000000
    36        0.841937       -1.066361        0.000000
    37        0.841498       -1.065734       -0.303486
    38        0.960639       -0.962105       -0.303471
    39        0.964356       -0.965894       -0.607000
    40        0.841797       -1.066476       -0.607000
    41        0.963933       -0.966242        0.000000
    42        1.065066       -0.843515        0.000000
    43        1.064287       -0.842682       -0.303482
    44        1.155916       -0.714211       -0.303485
    45        1.157888       -0.715449       -0.607000
    46        1.065378       -0.843135       -0.607000
    47        1.157925       -0.715382        0.000000
    48        1.232376       -0.576094        0.000000
    49        1.231209       -0.575252       -0.303514
    50        1.288441       -0.428345       -0.303513
    51        1.289525       -0.428643       -0.607000
    52        1.232527       -0.575810       -0.607000
    53        1.289477       -0.428801        0.000000
    54        1.335322       -0.277672        0.000000
    55        1.330765       -0.276204       -0.303492
    56        1.352292       -0.119710       -0.303514
    57        1.353220       -0.119609       -0.607000
    58        1.335491       -0.277113       -0.607000
    59        1.353191       -0.119900        0.000000
    60        1.361244        0.038139        0.000000
    61        1.358589        0.037935       -0.303501
    62        1.344641        0.195331       -0.303496
    63        1.345734        0.195616       -0.607000
    64        1.361268        0.037895       -0.607000
    65        1.345754        0.195406        0.000000
    66        1.313398        0.349945        0.000000
    67        1.312163        0.349726       -0.303487
    68        1.263420        0.500032       -0.303494
    69        1.267366        0.501692       -0.607000
    70        1.313332        0.350164       -0.607000
    71        1.267512        0.501210        0.000000
    72        1.196587        0.643051        0.000000
    73        1.195831        0.642784       -0.303505
    74        1.114956        0.778467       -0.303484
    75        1.117317        0.779847       -0.607000
    76        1.196533        0.643150       -0.607000
    77        1.117055        0.780166        0.000000
    78        1.016742        0.902398        0.000000
    79        1.015915        0.901738       -0.303478
    80        0.904204        1.013229       -0.303457
    81        0.905143        1.014489       -0.607000
    82        1.016598        0.902573       -0.607000
    83        0.905319        1.014344        0.000000
    84        0.782919        1.114795        0.000000
    85        0.780644        1.111956       -0.303485
    86        0.645825        1.194149       -0.303514
    87        0.646154        1.194928       -0.607000
    88        0.782611        1.115049       -0.607000
    89        0.646345        1.194826        0.000000
    90        0.504974        1.266370        0.000000
    91        0.503773        1.263150       -0.303522
    92        0.353131        1.311165       -0.303511
    93        0.353300        1.312380       -0.607000
    94        0.505184        1.266307       -0.607000
    95        0.353494        1.312321        0.000000
    96        0.199064        1.345394        0.000000
    97        0.198756        1.343600       -0.303496
    98        0.041277        1.358178       -0.303508
    99        0.041241        1.360938       -0.607000
   100        0.199025        1.345398       -0.607000
   101        0.041777        1.360885        0.000000
   102       -0.116410        1.353535        0.000000
   103       -0.116472        1.352711       -0.303497
   104       -0.273027        1.332292       -0.303496
   105       -0.273877        1.336473       -0.607000
   106       -0.116722        1.353504       -0.607000
   107       -0.274069        1.336415        0.000000
   108       -0.425589        1.290452        0.000000
   109       -0.425258        1.289538       -0.303507
   110       -0.572303        1.232069       -0.303486
   111       -0.573064        1.233995       -0.607000
   112       -0.425651        1.290433       -0.607000
   113       -0.573196        1.233925        0.000000
   114       -0.712655        1.159382        0.000000
   115       -0.711889        1.157490       -0.303496
   116       -0.840826        1.066292       -0.303486
   117       -0.841369        1.066827       -0.607000
   118       -0.712981        1.159208       -0.607000
   119       -0.841165        1.066994        0.000000
   120       -0.963320        0.966744        0.000000
   121       -0.960085        0.962615       -0.303471
   122       -1.063837        0.843238       -0.303482
   123       -1.064818        0.843817       -0.607000
   124       -0.963874        0.966290       -0.607000
   125       -1.064644        0.844029        0.000000
   126       -1.157694        0.715814        0.000000
   127       -1.155648        0.714680       -0.303484
   128       -1.231083        0.575536       -0.303514
   129       -1.232330        0.576180       -0.607000
   130       -1.157561        0.716063       -0.607000
   131       -1.232248        0.576332        0.000000
   132       -1.289486        0.428772        0.000000
   133       -1.288421        0.428405       -0.303513
   134       -1.330824        0.275960       -0.303492
   135       -1.335500        0.277084       -0.607000
   136       -1.289457        0.428868       -0.607000
   137       -1.335418        0.277355        0.000000
   138       -1.353266        0.119135        0.000000
   139       -1.352354        0.119053       -0.303514
   140       -1.358507       -0.039116       -0.303500
   141       -1.361174       -0.038851       -0.607000
   142       -1.353258        0.119215       -0.607000
   143       -1.361118       -0.039411        0.000000
   144       -1.345569       -0.197286        0.000000
   145       -1.344440       -0.197088       -0.303494
   146       -1.311530       -0.352063       -0.303482
   147       -1.312795       -0.351934       -0.607000
   148       -1.345588       -0.197094       -0.607000
   149       -1.312613       -0.352534        0.000000
   150       -1.266467       -0.504654        0.000000
   151       -1.262473       -0.503218       -0.303481
   152       -1.193617       -0.646714       -0.303505
   153       -1.194849       -0.646301       -0.607000
   154       -1.266619       -0.504154       -0.607000
   155       -1.194228       -0.647464        0.000000
   156       -1.113055       -0.785040        0.000000
   157       -1.111085       -0.783047       -0.303487
   158       -1.010839       -0.907881       -0.303479
   159       -1.013010       -0.906946       -0.607000
   160       -1.114416       -0.783382       -0.607000
   161       -1.011018       -0.909373        0.000000
   162       -1.253905       -1.118876       -0.605131
   163       -1.374800       -0.967156       -0.605178
   164       -1.479402       -0.798335       -0.605081
   165       -1.636873       -1.147250       -0.589593
   166       -1.759212       -0.949201       -0.588682
   167       -1.857812       -0.738568       -0.589400
   168       -1.563001       -0.618490       -0.605193
   169       -1.931160       -0.517319       -0.589186
   170       -1.623538       -0.435171       -0.605100
   171       -1.978575       -0.289799       -0.588454
   172       -1.663475       -0.241755       -0.605132
   173       -1.998825       -0.057834       -0.589477
   174       -1.680267       -0.049936       -0.605165
   175       -1.991808        0.174878       -0.589106
   176       -1.674406        0.148545       -0.605085
   177       -1.958308        0.404690       -0.588993
   178       -1.645379        0.343458       -0.605214
   179       -1.897919        0.629627       -0.589110
   180       -1.595320        0.529459       -0.605087
   181       -1.812873        0.845450       -0.588915
   182       -1.522352        0.712832       -0.605140
   183       -1.702680        1.050389       -0.589164
   184       -1.430818        0.882266       -0.605154
   185       -1.568756        1.240098       -0.588980
   186       -1.317289        1.043810       -0.605094
   187       -1.413480        1.413075       -0.588805
   188       -1.186219        1.191001       -0.605232
   189       -1.239421        1.567388       -0.589257
   190       -1.042255        1.319007       -0.605073
   191       -1.049280        1.701798       -0.589493
   192       -0.879485        1.432485       -0.605151
   193       -0.844606        1.812743       -0.588633
   194       -0.709868        1.523391       -0.605143
   195       -0.629041        1.897812       -0.589166
   196       -0.526977        1.596106       -0.605103
   197       -0.403638        1.957989       -0.589218
   198       -0.341060        1.646368       -0.605209
   199       -0.174023        1.991683       -0.588731
   200       -0.145408        1.675021       -0.605071
   201        0.058840        1.998530       -0.589502
   202        0.052628        1.680355       -0.605159
   203        0.291666        1.978352       -0.588501
   204        0.245087        1.662798       -0.605130
   205        0.517100        1.931902       -0.589046
   206        0.437085        1.622468       -0.605120
   207        0.738233        1.858919       -0.589476
   208        0.619810        1.562536       -0.605198
   209        0.949153        1.760553       -0.588204
   210        0.799088        1.479690       -0.605069
   211        1.147397        1.637830       -0.589570
   212        0.966916        1.374881       -0.605177
   213        1.329547        1.493205       -0.588491
   214        1.117725        1.254433       -0.605126
   215        1.492394        1.329842       -0.588802
   216        1.256297        1.116092       -0.605130
   217        1.637718        1.146514       -0.589562
   218        1.376529        0.964711       -0.605182
   219        1.759657        0.948840       -0.588641
   220        1.480687        0.796657       -0.605075
   221        1.857946        0.738109       -0.589418
   222        1.564096        0.617029       -0.605183
   223        1.931643        0.516753       -0.589149
   224        1.623801        0.433797       -0.605103
   225        1.978887        0.290224       -0.588430
   226        1.663389        0.241316       -0.605134
   227        1.998444        0.058099       -0.589522
   228        1.680715        0.049770       -0.605159
   229        1.991832       -0.174786       -0.589104
   230        1.674874       -0.149155       -0.605078
   231        1.958607       -0.404667       -0.588960
   232        1.645699       -0.343668       -0.605209
   233        1.897981       -0.629650       -0.589102
   234        1.595315       -0.529243       -0.605088
   235        1.813014       -0.845018       -0.588937
   236        1.522288       -0.712517       -0.605143
   237        1.703004       -1.049968       -0.589139
   238        1.431222       -0.881870       -0.605151
   239        1.568618       -1.239220       -0.589068
   240        1.317336       -1.042799       -0.605103
   241        1.412085       -1.411839       -0.589005
   242        1.185362       -1.189361       -0.605255
   243        1.239919       -1.566797       -0.589275
   244        1.042362       -1.318480       -0.605078
   245        1.049998       -1.701775       -0.589450
   246        0.880410       -1.432650       -0.605143
   247        0.845012       -1.812488       -0.588621
   248        0.710798       -1.522923       -0.605142
   249        0.630126       -1.897367       -0.589178
   250        0.527825       -1.595383       -0.605109
   251        0.405117       -1.958073       -0.589222
   252        0.342551       -1.645551       -0.605214
   253        0.176068       -1.991610       -0.588657
   254        0.147528       -1.674571       -0.605075
   255       -0.056975       -1.998659       -0.589497
   256       -0.049849       -1.680356       -0.605163
   257       -0.289212       -1.978985       -0.588550
   258       -0.242129       -1.663707       -0.605121
   259       -0.515160       -1.932632       -0.588976
   260       -0.433229       -1.624298       -0.605114
   261       -0.736127       -1.859722       -0.589473
   262       -0.615984       -1.564261       -0.605190
   263       -0.947126       -1.761798       -0.588118
   264       -0.795271       -1.482075       -0.605066
   265       -1.145886       -1.639146       -0.589549
   266       -0.963289       -1.377961       -0.605177
   267       -1.328098       -1.494519       -0.588543
   268       -1.114357       -1.257491       -0.605120
   269       -0.900011       -1.018701       -0.607000
   270       -1.491422       -1.330911       -0.588771
   271       -1.537839       -1.727510       -0.550993
   272       -1.727069       -1.537369       -0.551072
   273       -1.894299       -1.326797       -0.551236
   274       -1.969566       -1.750466       -0.510826
   275       -2.158917       -1.510672       -0.510898
   276       -2.319854       -1.250441       -0.510709
   277       -2.035318       -1.097968       -0.551019
   278       -2.448398       -0.972806       -0.510978
   279       -2.149339       -0.854675       -0.551145
   280       -2.545385       -0.681661       -0.510784
   281       -2.233666       -0.598780       -0.551121
   282       -2.607656       -0.383731       -0.510757
   283       -2.288251       -0.336184       -0.551068
   284       -2.633661       -0.077419       -0.510907
   285       -2.312212       -0.067793       -0.551123
   286       -2.625190        0.228880       -0.510743
   287       -2.304273        0.200943       -0.550988
   288       -2.580883        0.531234       -0.510936
   289       -2.265987        0.466944       -0.551080
   290       -2.501585        0.827186       -0.510797
   291       -2.196069        0.726797       -0.551016
   292       -2.389003        1.112877       -0.510810
   293       -2.097487        0.977019       -0.550969
   294       -2.243944        1.382848       -0.510772
   295       -1.969606        1.214387       -0.551073
   296       -2.066853        1.633790       -0.510809
   297       -1.814332        1.434196       -0.551053
   298       -1.864434        1.861643       -0.511001
   299       -1.635435        1.635392       -0.551080
   300       -1.635694        2.066460       -0.510705
   301       -1.434536        1.813080       -0.551118
   302       -1.385008        2.242260       -0.510819
   303       -1.215270        1.967973       -0.551124
   304       -1.115792        2.387569       -0.510804
   305       -0.978355        2.095834       -0.551090
   306       -0.830751        2.500148       -0.510830
   307       -0.728577        2.194895       -0.551065
   308       -0.534220        2.580036       -0.510958
   309       -0.468623        2.265132       -0.551154
   310       -0.231276        2.624857       -0.510759
   311       -0.202453        2.303562       -0.551041
   312        0.074514        2.633996       -0.510880
   313        0.066182        2.310820       -0.551324
   314        0.379188        2.608605       -0.510711
   315        0.334312        2.288826       -0.551048
   316        0.679797        2.546090       -0.510767
   317        0.597225        2.234967       -0.550968
   318        0.971181        2.449288       -0.510956
   319        0.853119        2.150578       -0.551114
   320        1.249191        2.320726       -0.510685
   321        1.096900        2.036479       -0.550964
   322        1.509971        2.159423       -0.510892
   323        1.326372        1.895753       -0.551209
   324        1.751299        1.968987       -0.510811
   325        1.537223        1.728130       -0.550986
   326        1.967131        1.753305       -0.510822
   327        1.726424        1.538218       -0.551062
   328        2.156389        1.513427       -0.510955
   329        1.893743        1.327778       -0.551218
   330        2.318872        1.252894       -0.510671
   331        2.035026        1.098583       -0.551015
   332        2.448267        0.975198       -0.510889
   333        2.149230        0.855672       -0.551111
   334        2.544757        0.683906       -0.510783
   335        2.233654        0.599774       -0.551092
   336        2.607666        0.384900       -0.510736
   337        2.288456        0.336895       -0.551031
   338        2.633590        0.078691       -0.510911
   339        2.312052        0.068444       -0.551138
   340        2.625318       -0.227436       -0.510743
   341        2.304305       -0.200088       -0.550995
   342        2.581517       -0.530229       -0.510884
   343        2.266092       -0.466328       -0.551083
   344        2.501925       -0.826469       -0.510785
   345        2.196379       -0.726248       -0.550999
   346        2.389469       -1.112219       -0.510793
   347        2.097857       -0.976546       -0.550953
   348        2.244522       -1.382133       -0.510756
   349        1.970085       -1.213758       -0.551061
   350        2.067113       -1.632953       -0.510848
   351        1.814342       -1.433203       -0.551131
   352        1.862333       -1.860372       -0.511299
   353        1.634273       -1.632751       -0.551414
   354        1.636068       -2.065329       -0.510786
   355        1.434978       -1.812546       -0.551134
   356        1.385422       -2.242297       -0.510789
   357        1.215964       -1.967989       -0.551079
   358        1.116188       -2.387743       -0.510764
   359        0.978936       -2.095953       -0.551045
   360        0.830758       -2.500498       -0.510788
   361        0.729342       -2.194932       -0.551030
   362        0.533786       -2.580114       -0.510960
   363        0.469314       -2.265114       -0.551139
   364        0.230577       -2.624991       -0.510750
   365        0.203121       -2.303653       -0.551022
   366       -0.075230       -2.634066       -0.510869
   367       -0.065539       -2.310799       -0.551329
   368       -0.380033       -2.608316       -0.510733
   369       -0.333698       -2.289063       -0.551030
   370       -0.681913       -2.545457       -0.510771
   371       -0.597277       -2.235083       -0.550952
   372       -0.973358       -2.448870       -0.510910
   373       -0.853189       -2.150607       -0.551108
   374       -1.252110       -2.318592       -0.510745
   375       -1.097399       -2.036359       -0.550948
   376       -1.513123       -2.157333       -0.510876
   377       -1.326941       -1.895327       -0.551212
   378       -1.754413       -1.966200       -0.510817
   379       -1.696724       -2.412875       -0.471340
   380       -1.966826       -2.200770       -0.471227
   381       -2.208204       -1.958674       -0.471186
   382       -2.179465       -2.434448       -0.431708
   383       -2.446573       -2.165046       -0.431735
   384       -2.679922       -1.867517       -0.431902
   385       -2.419653       -1.689090       -0.471308
   386       -2.878997       -1.545379       -0.431570
   387       -2.599575       -1.397959       -0.471118
   388       -3.038170       -1.201080       -0.431850
   389       -2.742748       -1.086957       -0.471392
   390       -3.156474       -0.841709       -0.431721
   391       -2.851097       -0.762773       -0.471145
   392       -3.232919       -0.470458       -0.431761
   393       -2.920563       -0.426550       -0.471213
   394       -3.265325       -0.092368       -0.431835
   395       -2.948595       -0.085191       -0.471402
   396       -3.254502        0.285809       -0.431639
   397       -2.940435        0.257252       -0.471092
   398       -3.199438        0.661545       -0.431878
   399       -2.890165        0.596365       -0.471341
   400       -3.100857        1.027290       -0.431690
   401       -2.799989        0.926610       -0.471361
   402       -2.962264        1.379050       -0.431710
   403       -2.675737        1.246167       -0.471244
   404       -2.780825        1.714326       -0.431804
   405       -2.512973        1.548136       -0.471109
   406       -2.562875        2.025395       -0.431677
   407       -2.314044        1.829327       -0.471265
   408       -2.309967        2.310545       -0.431950
   409       -2.089009        2.086382       -0.471364
   410       -2.026517        2.561824       -0.431697
   411       -1.830749        2.313493       -0.471246
   412       -1.716557        2.780353       -0.431754
   413       -1.551178        2.511738       -0.471162
   414       -1.380682        2.960937       -0.431771
   415       -1.248757        2.674644       -0.471162
   416       -1.028547        3.099939       -0.431760
   417       -0.929029        2.798974       -0.471394
   418       -0.661804        3.198844       -0.431938
   419       -0.598357        2.889494       -0.471416
   420       -0.285756        3.254333       -0.431641
   421       -0.258856        2.940207       -0.471069
   422        0.093425        3.266399       -0.431723
   423        0.084145        2.950384       -0.471211
   424        0.472784        3.233823       -0.431602
   425        0.425466        2.921327       -0.471147
   426        0.844147        3.155106       -0.431792
   427        0.761683        2.850055       -0.471300
   428        1.203988        3.036501       -0.431917
   429        1.087410        2.742757       -0.471398
   430        1.548816        2.876714       -0.431608
   431        1.398854        2.598465       -0.471137
   432        1.872062        2.676652       -0.431874
   433        1.690519        2.417241       -0.471346
   434        2.170581        2.441866       -0.431736
   435        1.960943        2.205858       -0.471218
   436        2.439481        2.172814       -0.431780
   437        2.203788        1.963737       -0.471196
   438        2.674604        1.875096       -0.431888
   439        2.415748        1.693765       -0.471361
   440        2.875020        1.552432       -0.431596
   441        2.596760        1.402985       -0.471133
   442        3.035424        1.206612       -0.431925
   443        2.741669        1.090847       -0.471344
   444        3.155127        0.846085       -0.431732
   445        2.850220        0.765552       -0.471154
   446        3.232775        0.474425       -0.431714
   447        2.920135        0.429097       -0.471228
   448        3.265614        0.095189       -0.431786
   449        2.948837        0.087106       -0.471364
   450        3.254918       -0.283084       -0.431618
   451        2.940758       -0.255031       -0.471074
   452        3.199739       -0.659315       -0.431898
   453        2.890426       -0.594843       -0.471351
   454        3.101793       -1.025777       -0.431636
   455        2.800520       -0.925971       -0.471323
   456        2.963352       -1.378217       -0.431632
   457        2.676716       -1.245083       -0.471188
   458        2.781741       -1.713978       -0.431729
   459        2.513645       -1.547850       -0.471058
   460        2.562997       -2.024523       -0.431733
   461        2.314337       -1.828046       -0.471335
   462        2.309423       -2.307468       -0.432274
   463        2.087173       -2.083188       -0.471804
   464        2.026745       -2.560927       -0.431768
   465        1.831757       -2.313028       -0.471213
   466        1.716859       -2.779919       -0.431781
   467        1.551520       -2.511684       -0.471145
   468        1.380738       -2.961269       -0.431730
   469        1.248837       -2.674940       -0.471125
   470        1.027151       -3.100513       -0.431746
   471        0.928477       -2.799268       -0.471380
   472        0.660034       -3.199465       -0.431909
   473        0.597233       -2.890114       -0.471374
   474        0.283037       -3.254636       -0.431632
   475        0.257329       -2.940678       -0.471027
   476       -0.098159       -3.266059       -0.431750
   477       -0.086804       -2.951003       -0.471127
   478       -0.479280       -3.232692       -0.431627
   479       -0.429331       -2.920629       -0.471161
   480       -0.851723       -3.153629       -0.431712
   481       -0.765998       -2.848156       -0.471382
   482       -1.212661       -3.032960       -0.431936
   483       -1.092839       -2.740405       -0.471436
   484       -1.557751       -2.870939       -0.431710
   485       -1.404715       -2.595134       -0.471143
   486       -1.880799       -2.670145       -0.431902
   487       -1.711045       -3.146234       -0.392365
   488       -2.064653       -2.925089       -0.392799
   489       -2.390869       -2.665247       -0.392682
   490       -2.249322       -3.179522       -0.353563
   491       -2.603458       -2.897554       -0.353387
   492       -2.919945       -2.578308       -0.353285
   493       -2.683915       -2.372320       -0.392365
   494       -3.198373       -2.223675       -0.353583
   495       -2.939812       -2.045763       -0.392681
   496       -3.433807       -1.840490       -0.353089
   497       -3.155276       -1.692166       -0.392482
   498       -3.622291       -1.432487       -0.353560
   499       -3.330374       -1.316616       -0.392716
   500       -3.763654       -1.002998       -0.353321
   501       -3.461232       -0.921911       -0.392414
   502       -3.854869       -0.561588       -0.353299
   503       -3.543829       -0.516191       -0.392508
   504       -3.893919       -0.110904       -0.353588
   505       -3.579822       -0.101230       -0.392733
   506       -3.881708        0.340181       -0.353022
   507       -3.568814        0.313331       -0.392219
   508       -3.816238        0.787212       -0.353464
   509       -3.508372        0.724634       -0.392582
   510       -3.698054        1.225091       -0.353213
   511       -3.400234        1.126711       -0.392372
   512       -3.530982        1.646035       -0.353418
   513       -3.246981        1.512423       -0.392566
   514       -3.315860        2.044463       -0.353461
   515       -3.047789        1.879613       -0.392651
   516       -3.055974        2.413690       -0.353345
   517       -2.808844        2.218853       -0.392614
   518       -2.757396        2.752137       -0.353575
   519       -2.532538        2.531882       -0.392779
   520       -2.418497        3.054727       -0.353106
   521       -2.222611        2.808888       -0.392355
   522       -2.047602        3.314247       -0.353432
   523       -1.881848        3.047264       -0.392569
   524       -1.648687        3.529340       -0.353427
   525       -1.514343        3.245788       -0.392550
   526       -1.227434        3.696403       -0.353310
   527       -1.128059        3.398690       -0.392462
   528       -0.789737        3.814426       -0.353569
   529       -0.725270        3.506329       -0.392802
   530       -0.341802        3.880402       -0.353164
   531       -0.313434        3.568212       -0.392314
   532        0.110402        3.894620       -0.353403
   533        0.102280        3.580817       -0.392536
   534        0.562690        3.855766       -0.353254
   535        0.518153        3.543572       -0.392578
   536        1.005144        3.764392       -0.353165
   537        0.924918        3.460500       -0.392370
   538        1.436261        3.621743       -0.353547
   539        1.320185        3.330273       -0.392657
   540        1.846228        3.430156       -0.353162
   541        1.697011        3.152699       -0.392486
   542        2.231016        3.192690       -0.353547
   543        2.051343        2.934979       -0.392767
   544        2.587196        2.911528       -0.353379
   545        2.379294        2.676666       -0.392537
   546        2.907450        2.592480       -0.353294
   547        2.674210        2.383361       -0.392370
   548        3.189611        2.236591       -0.353575
   549        2.932832        2.056156       -0.392665
   550        3.427492        1.851500       -0.353142
   551        3.149933        1.701440       -0.392524
   552        3.617122        1.440867       -0.353791
   553        3.326640        1.323501       -0.392834
   554        3.761705        1.010798       -0.353292
   555        3.459289        0.928167       -0.392435
   556        3.854438        0.566797       -0.353272
   557        3.543190        0.520821       -0.392512
   558        3.894509        0.116031       -0.353479
   559        3.580335        0.105166       -0.392643
   560        3.882378       -0.336593       -0.352979
   561        3.569701       -0.310222       -0.392143
   562        3.817025       -0.784443       -0.353440
   563        3.509000       -0.722088       -0.392573
   564        3.698922       -1.223054       -0.353189
   565        3.400915       -1.124698       -0.392368
   566        3.532038       -1.644609       -0.353376
   567        3.247765       -1.511249       -0.392542
   568        3.316476       -2.043857       -0.353433
   569        3.048689       -1.879110       -0.392587
   570        3.056050       -2.413475       -0.353355
   571        2.809091       -2.218792       -0.392595
   572        2.755966       -2.750746       -0.353822
   573        2.531379       -2.529669       -0.393076
   574        2.418071       -3.054210       -0.353190
   575        2.222395       -2.808149       -0.392443
   576        2.047299       -3.315281       -0.353340
   577        1.882151       -3.047498       -0.392524
   578        1.646822       -3.529113       -0.353554
   579        1.513964       -3.245518       -0.392601
   580        1.224789       -3.696875       -0.353353
   581        1.125579       -3.399381       -0.392473
   582        0.786290       -3.816781       -0.353401
   583        0.722637       -3.507508       -0.392730
   584        0.336507       -3.880512       -0.353215
   585        0.309760       -3.568263       -0.392354
   586       -0.118003       -3.892806       -0.353589
   587       -0.108893       -3.579822       -0.392623
   588       -0.572416       -3.854667       -0.353219
   589       -0.526318       -3.542456       -0.392573
   590       -1.018238       -3.760607       -0.353197
   591       -0.935255       -3.457653       -0.392378
   592       -1.452353       -3.615328       -0.353559
   593       -1.332830       -3.325086       -0.392683
   594       -1.864214       -3.420236       -0.353178
   595       -1.571653       -3.905712       -0.314381
   596       -2.018771       -3.694841       -0.313773
   597       -2.435484       -3.432849       -0.314490
   598       -2.173285       -3.966951       -0.274612
   599       -2.622690       -3.685115       -0.275182
   600       -3.031781       -3.358765       -0.274741
   601       -2.816839       -3.128141       -0.314148
   602       -3.395956       -2.987249       -0.274842
   603       -3.157847       -2.783047       -0.314098
   604       -3.716625       -2.578681       -0.275170
   605       -3.457303       -2.401628       -0.314422
   606       -3.988890       -2.133759       -0.274547
   607       -3.711294       -1.987337       -0.313827
   608       -4.208520       -1.659698       -0.275172
   609       -3.915263       -1.546213       -0.314486
   610       -4.370780       -1.163432       -0.274777
   611       -4.067277       -1.083516       -0.314040
   612       -4.476562       -0.649808       -0.274848
   613       -4.165612       -0.605338       -0.314133
   614       -4.522548       -0.127753       -0.275110
   615       -4.207993       -0.119440       -0.314457
   616       -4.506832        0.396494       -0.274502
   617       -4.195042        0.368332       -0.313689
   618       -4.430462        0.916606       -0.275135
   619       -4.123305        0.851828       -0.314374
   620       -4.293421        1.423272       -0.274716
   621       -3.994564        1.323534       -0.314139
   622       -4.100242        1.911988       -0.274907
   623       -3.815578        1.778974       -0.314198
   624       -3.850705        2.374817       -0.274948
   625       -3.583982        2.209256       -0.314217
   626       -3.549004        2.805209       -0.274597
   627       -3.303300        2.609843       -0.313889
   628       -3.199036        3.198840       -0.275217
   629       -2.979427        2.974812       -0.314417
   630       -2.806079        3.546311       -0.274787
   631       -2.611893        3.299588       -0.314084
   632       -2.376526        3.849277       -0.275008
   633       -2.211923        3.581916       -0.314284
   634       -1.913745        4.099297       -0.274877
   635       -1.781462        3.813950       -0.314208
   636       -1.424583        4.292399       -0.274817
   637       -1.325846        3.992929       -0.314279
   638       -0.917816        4.429337       -0.275148
   639       -0.854078        4.121912       -0.314382
   640       -0.397167        4.506151       -0.274577
   641       -0.369773        4.194312       -0.313759
   642        0.128623        4.522214       -0.275145
   643        0.119183        4.208415       -0.314408
   644        0.653370        4.476756       -0.274803
   645        0.607040        4.166828       -0.313992
   646        1.168403        4.370047       -0.274748
   647        1.086460        4.066041       -0.314150
   648        1.667450        4.205456       -0.275126
   649        1.552034        3.913472       -0.314370
   650        2.144621        3.982919       -0.274557
   651        1.995664        3.706984       -0.313807
   652        2.593079        3.706835       -0.275210
   653        2.412191        3.449620       -0.314538
   654        3.005051        3.381222       -0.274770
   655        2.796002        3.146789       -0.314064
   656        3.377395        3.009345       -0.274807
   657        3.142484        2.800716       -0.314116
   658        3.704100        2.596903       -0.275153
   659        3.446364        2.417037       -0.314441
   660        3.980303        2.149171       -0.274585
   661        3.703458        2.000294       -0.313930
   662        4.202736        1.672937       -0.275229
   663        3.909470        1.557414       -0.314635
   664        4.367000        1.173890       -0.274878
   665        4.063928        1.092698       -0.314133
   666        4.475265        0.659527       -0.274860
   667        4.164874        0.612844       -0.314110
   668        4.523038        0.134663       -0.274997
   669        4.209231        0.125606       -0.314256
   670        4.507363       -0.391399       -0.274496
   671        4.195743       -0.363917       -0.313654
   672        4.430982       -0.912844       -0.275170
   673        4.124136       -0.848611       -0.314355
   674        4.294341       -1.420714       -0.274706
   675        3.995476       -1.321334       -0.314115
   676        4.101206       -1.910067       -0.274901
   677        3.816526       -1.777251       -0.314184
   678        3.851276       -2.373861       -0.274946
   679        3.584496       -2.208683       -0.314198
   680        3.548944       -2.804585       -0.274652
   681        3.303541       -2.609614       -0.313883
   682        3.198141       -3.198094       -0.275362
   683        2.977763       -2.973676       -0.314663
   684        2.805732       -3.546456       -0.274800
   685        2.611354       -3.299355       -0.314149
   686        2.374981       -3.849945       -0.275035
   687        2.210916       -3.583050       -0.314225
   688        1.910499       -4.100698       -0.274897
   689        1.778384       -3.815127       -0.314245
   690        1.421092       -4.293698       -0.274791
   691        1.323270       -3.993847       -0.314266
   692        0.912101       -4.431416       -0.275137
   693        0.849581       -4.124060       -0.314339
   694        0.388570       -4.506924       -0.274572
   695        0.362571       -4.194812       -0.313773
   696       -0.139139       -4.521694       -0.275072
   697       -0.127696       -4.207760       -0.314369
   698       -0.667908       -4.474153       -0.274883
   699       -0.619601       -4.164274       -0.314096
   700       -1.187382       -4.364306       -0.274799
   701       -1.102295       -4.061073       -0.314216
   702       -1.691738       -4.195801       -0.275150
   703       -1.271292       -4.666517       -0.235514
   704       -1.812669       -4.485548       -0.235903
   705       -2.328971       -4.239651       -0.235320
   706       -1.933913       -4.775026       -0.196840
   707       -2.484557       -4.511391       -0.196167
   708       -3.001135       -4.186220       -0.196730
   709       -2.810948       -3.936454       -0.235877
   710       -3.461894       -3.814843       -0.196472
   711       -3.246737       -3.586018       -0.235650
   712       -3.872173       -3.397402       -0.196196
   713       -3.635180       -3.192860       -0.235339
   714       -4.236714       -2.931911       -0.196754
   715       -3.976769       -2.755252       -0.235877
   716       -4.543296       -2.428334       -0.195985
   717       -4.265044       -2.280016       -0.235435
   718       -4.792438       -1.891657       -0.196703
   719       -4.501210       -1.775052       -0.235785
   720       -4.977611       -1.323471       -0.196363
   721       -4.675224       -1.243390       -0.235438
   722       -5.097381       -0.740187       -0.196511
   723       -4.786438       -0.695250       -0.235719
   724       -5.149505       -0.144078       -0.196677
   725       -4.836278       -0.136326       -0.235753
   726       -5.129778        0.451439       -0.196232
   727       -4.819579        0.424278       -0.235186
   728       -5.046103        1.041233       -0.196799
   729       -4.738024        0.979826       -0.235870
   730       -4.888706        1.620401       -0.196300
   731       -4.590970        1.522331       -0.235492
   732       -4.668966        2.175615       -0.196561
   733       -4.384298        2.044267       -0.235679
   734       -4.384350        2.704737       -0.196611
   735       -4.117297        2.540250       -0.235713
   736       -4.040701        3.193488       -0.196207
   737       -3.794287        2.999218       -0.235448
   738       -3.643219        3.644154       -0.196798
   739       -3.420914        3.421353       -0.235938
   740       -3.196664        4.039785       -0.196050
   741       -3.001889        3.794115       -0.235256
   742       -2.707619        4.382907       -0.196570
   743       -2.541737        4.116451       -0.235701
   744       -2.178427        4.668089       -0.196544
   745       -2.045730        4.383194       -0.235742
   746       -1.622684        4.888096       -0.196255
   747       -1.523643        4.590422       -0.235488
   748       -1.042479        5.045923       -0.196868
   749       -0.980726        4.737781       -0.235913
   750       -0.451675        5.131438       -0.196024
   751       -0.424489        4.819223       -0.235228
   752        0.145579        5.149400       -0.196679
   753        0.137428        4.835835       -0.235801
   754        0.743790        5.096547       -0.196531
   755        0.698682        4.786262       -0.235678
   756        1.329758        4.975873       -0.196307
   757        1.249551        4.673706       -0.235389
   758        1.901264        4.788513       -0.196768
   759        1.784297        4.497056       -0.235864
   760        2.441806        4.535848       -0.196016
   761        2.292810        4.258023       -0.235451
   762        2.950223        4.223710       -0.196720
   763        2.772119        3.964903       -0.235867
   764        3.421561        3.849851       -0.196389
   765        3.214226        3.615881       -0.235451
   766        3.845409        3.427157       -0.196354
   767        3.611692        3.218032       -0.235532
   768        4.219227        2.956413       -0.196813
   769        3.961766        2.776916       -0.235875
   770        4.531711        2.447705       -0.196112
   771        4.255932        2.298026       -0.235366
   772        4.786056        1.907701       -0.196723
   773        4.495230        1.789041       -0.235846
   774        4.974730        1.336504       -0.196264
   775        4.671885        1.255097       -0.235441
   776        5.096107        0.750381       -0.196527
   777        4.785141        0.705228       -0.235734
   778        5.149134        0.152129       -0.196664
   779        4.835830        0.143730       -0.235758
   780        5.130341       -0.445186       -0.196235
   781        4.820024       -0.418584       -0.235197
   782        5.047126       -1.036561       -0.196807
   783        4.738633       -0.975497       -0.235912
   784        4.889803       -1.616988       -0.196295
   785        4.592010       -1.519217       -0.235483
   786        4.670249       -2.173398       -0.196539
   787        4.385355       -2.042203       -0.235672
   788        4.385328       -2.702947       -0.196619
   789        4.118160       -2.538649       -0.235722
   790        4.041120       -3.192438       -0.196249
   791        3.794646       -2.998523       -0.235468
   792        3.643215       -3.644089       -0.196804
   793        3.420906       -3.421110       -0.235960
   794        3.195761       -4.040318       -0.196070
   795        3.001171       -3.794315       -0.235293
   796        2.705699       -4.383746       -0.196600
   797        2.539982       -4.117084       -0.235744
   798        2.175319       -4.669399       -0.196566
   799        2.042761       -4.384583       -0.235746
   800        1.617764       -4.889574       -0.196267
   801        1.519219       -4.591772       -0.235498
   802        1.035372       -5.047227       -0.196787
   803        0.973988       -4.739337       -0.235862
   804        0.441742       -5.132038       -0.196077
   805        0.414843       -4.819994       -0.235250
   806       -0.159494       -5.148821       -0.196714
   807       -0.150327       -4.835704       -0.235754
   808       -0.763070       -5.094090       -0.196564
   809       -0.716063       -4.783540       -0.235753
   810       -1.354673       -4.969382       -0.196233
   811       -0.809893       -5.410208       -0.157003
   812       -1.438096       -5.273167       -0.157000
   813       -2.058872       -5.084556       -0.157035
   814       -1.437869       -5.273237        0.000000
   815       -2.060032       -5.084506        0.000000
   816       -2.646092       -4.780704        0.000000
   817       -2.641076       -4.783257       -0.157014
   818       -3.216118       -4.428505        0.000000
   819       -3.201998       -4.438747       -0.157126
   820       -3.686279       -4.042653        0.000000
   821       -3.681536       -4.046400       -0.157014
   822       -4.110723       -3.603336        0.000000
   823       -4.110417       -3.603709       -0.157000
   824       -4.506662       -3.120882        0.000000
   825       -4.506512       -3.120794       -0.157021
   826       -4.818462       -2.575454        0.000000
   827       -4.818588       -2.575190       -0.157002
   828       -5.099904       -2.009271        0.000000
   829       -5.099813       -2.009566       -0.157000
   830       -5.283296       -1.404708        0.000000
   831       -5.283258       -1.404764       -0.157002
   832       -5.412672       -0.785122        0.000000
   833       -5.412694       -0.784892       -0.157000
   834       -5.474819       -0.154134        0.000000
   835       -5.474769       -0.154277       -0.157004
   836       -5.442796        0.479270        0.000000
   837       -5.442785        0.479347       -0.157000
   838       -5.372400        1.110970        0.000000
   839       -5.372358        1.110970       -0.157005
   840       -5.187863        1.719305        0.000000
   841       -5.188002        1.718849       -0.157000
   842       -4.959328        2.311910        0.000000
   843       -4.959324        2.311918       -0.157000
   844       -4.659948        2.872012        0.000000
   845       -4.659671        2.872467       -0.157004
   846       -4.287750        3.387627        0.000000
   847       -4.287497        3.387936       -0.157000
   848       -3.884141        3.879427        0.000000
   849       -3.883278        3.880337       -0.157011
   850       -3.391555        4.284527        0.000000
   851       -3.391551        4.284531       -0.157000
   852       -2.875953        4.657841        0.000000
   853       -2.876169        4.657710       -0.157002
   854       -2.315502        4.957409        0.000000
   855       -2.315279        4.957516       -0.157001
   856       -1.722329        5.186947        0.000000
   857       -1.721984        5.187051       -0.157000
   858       -1.113234        5.371714        0.000000
   859       -1.112284        5.371922       -0.157009
   860       -0.479308        5.442792        0.000000
   861       -0.479416        5.442779       -0.157000
   862        0.156063        5.474629        0.000000
   863        0.155926        5.474601       -0.157005
   864        0.788964        5.412293        0.000000
   865        0.788850        5.412304       -0.157000
   866        1.410828        5.281439        0.000000
   867        1.411232        5.281316       -0.157000
   868        2.019982        5.096654        0.000000
   869        2.020089        5.096559       -0.157007
   870        2.589322        4.811049        0.000000
   871        2.589236        4.811093       -0.157000
   872        3.139731        4.491194        0.000000
   873        3.139740        4.491121       -0.157006
   874        3.631822        4.087345        0.000000
   875        3.631623        4.087508       -0.157000
   876        4.081926        3.638424        0.000000
   877        4.082094        3.638220       -0.157000
   878        4.485663        3.146471        0.000000
   879        4.485565        3.146509       -0.157006
   880        4.806952        2.596986        0.000000
   881        4.807052        2.596794       -0.157000
   882        5.094200        2.028075        0.000000
   883        5.094044        2.028372       -0.157008
   884        5.279152        1.418368        0.000000
   885        5.279034        1.418758       -0.157000
   886        5.411587        0.796138        0.000000
   887        5.411569        0.796229       -0.157001
   888        5.473895        0.163525        0.000000
   889        5.473904        0.163247       -0.157002
   890        5.443463       -0.472503        0.000000
   891        5.443457       -0.472522       -0.157000
   892        5.373903       -1.106015        0.000000
   893        5.373864       -1.106001       -0.157005
   894        5.188940       -1.715756        0.000000
   895        5.189083       -1.715285       -0.157000
   896        4.960679       -2.309383        0.000000
   897        4.960831       -2.309076       -0.157001
   898        4.660952       -2.870133        0.000000
   899        4.660792       -2.870398       -0.157002
   900        4.288656       -3.386524        0.000000
   901        4.288418       -3.386814       -0.157000
   902        3.884213       -3.879339        0.000000
   903        3.883781       -3.879786       -0.157006
   904        3.390558       -4.285345        0.000000
   905        3.390550       -4.285351       -0.157000
   906        2.873775       -4.659006        0.000000
   907        2.874081       -4.658825       -0.157002
   908        2.312111       -4.959221        0.000000
   909        2.311698       -4.959417       -0.157003
   910        1.717130       -5.188524        0.000000
   911        1.716714       -5.188650       -0.157000
   912        1.106044       -5.373895        0.000000
   913        1.105276       -5.374039       -0.157010
   914        0.469324       -5.443775        0.000000
   915        0.469086       -5.443789       -0.157001
   916       -0.171301       -5.473129        0.000000
   917       -0.171334       -5.473124       -0.157000
   918       -0.809791       -5.410242        0.000000
   919       -0.499298       -1.268092       -0.607000
   920       -0.640148       -1.198138       -0.606998
   921       -0.777106       -1.119566       -0.607000
   922       -0.348751       -1.313760       -0.607000
   923       -0.195028       -1.345792       -0.607000
   924       -0.038284       -1.361229       -0.606999
   925        0.119135       -1.353266       -0.607000
   926        0.275831       -1.335880       -0.607000
   927        0.427242       -1.289950       -0.607000
   928        0.574283       -1.233343       -0.607000
   929        0.713809       -1.158766       -0.607000
   930        0.841797       -1.066476       -0.607000
   931        0.964356       -0.965894       -0.607000
   932        1.065378       -0.843135       -0.607000
   933        1.157888       -0.715449       -0.607000
   934        1.232527       -0.575810       -0.607000
   935        1.289525       -0.428643       -0.607000
   936        1.335491       -0.277113       -0.607000
   937        1.353220       -0.119609       -0.607000
   938        1.361268        0.037895       -0.607000
   939        1.345734        0.195616       -0.607000
   940        1.313332        0.350164       -0.607000
   941        1.267366        0.501692       -0.607000
   942        1.196533        0.643150       -0.607000
   943        1.117317        0.779847       -0.607000
   944        1.016598        0.902573       -0.607000
   945        0.905143        1.014489       -0.607000
   946        0.782611        1.115049       -0.607000
   947        0.646154        1.194928       -0.607000
   948        0.505184        1.266307       -0.607000
   949        0.353300        1.312380       -0.607000
   950        0.199025        1.345398       -0.607000
   951        0.041241        1.360938       -0.607000
   952       -0.116722        1.353504       -0.607000
   953       -0.273877        1.336473       -0.607000
   954       -0.425651        1.290433       -0.607000
   955       -0.573064        1.233995       -0.607000
   956       -0.712981        1.159208       -0.607000
   957       -0.841369        1.066827       -0.607000
   958       -0.963874        0.966290       -0.607000
   959       -1.064818        0.843817       -0.607000
   960       -1.157561        0.716063       -0.607000
   961       -1.232330        0.576180       -0.607000
   962       -1.289457        0.428868       -0.607000
   963       -1.335500        0.277084       -0.607000
   964       -1.361174       -0.038851       -0.607000
   965       -1.353258        0.119215       -0.607000
   966       -1.345588       -0.197094       -0.607000
   967       -1.312795       -0.351934       -0.607000
   968       -1.266619       -0.504154       -0.607000
   969       -1.194849       -0.646301       -0.607000
   970       -1.114416       -0.783382       -0.607000
   971       -1.013010       -0.906946       -0.607000
   972       -0.900011       -1.018701       -0.607000
   973       -0.809893       -5.410208       -0.157003
   974       -1.438096       -5.273167       -0.157000
   975       -2.058872       -5.084556       -0.157035
   976       -2.641076       -4.783257       -0.157014
   977       -3.201998       -4.438747       -0.157126
   978       -3.681536       -4.046400       -0.157014
   979       -4.110417       -3.603709       -0.157000
   980       -4.506512       -3.120794       -0.157021
   981       -4.818588       -2.575190       -0.157002
   982       -5.099813       -2.009566       -0.157000
   983       -5.283258       -1.404764       -0.157002
   984       -5.412694       -0.784892       -0.157000
   985       -5.474769       -0.154277       -0.157004
   986       -5.442785        0.479347       -0.157000
   987       -5.372358        1.110970       -0.157005
   988       -5.188002        1.718849       -0.157000
   989       -4.959324        2.311918       -0.157000
   990       -4.659671        2.872467       -0.157004
   991       -4.287497        3.387936       -0.157000
   992       -3.883278        3.880337       -0.157011
   993       -3.391551        4.284531       -0.157000
   994       -2.876169        4.657710       -0.157002
   995       -2.315279        4.957516       -0.157001
   996       -1.721984        5.187051       -0.157000
   997       -1.112284        5.371922       -0.157009
   998       -0.479416        5.442779       -0.157000
   999        0.155926        5.474601       -0.157005
  1000        0.788850        5.412304       -0.157000
  1001        1.411232        5.281316       -0.157000
  1002        2.020089        5.096559       -0.157007
  1003        2.589236        4.811093       -0.157000
  1004        3.139740        4.491121       -0.157006
  1005        3.631623        4.087508       -0.157000
  1006        4.082094        3.638220       -0.157000
  1007        4.485565        3.146509       -0.157006
  1008        4.807052        2.596794       -0.157000
  1009        5.094044        2.028372       -0.157008
  1010        5.279034        1.418758       -0.157000
  1011        5.411569        0.796229       -0.157001
  1012        5.473904        0.163247       -0.157002
  1013        5.443457       -0.472522       -0.157000
  1014        5.373864       -1.106001       -0.157005
  1015        5.189083       -1.715285       -0.157000
  1016        4.960831       -2.309076       -0.157001
  1017        4.660792       -2.870398       -0.157002
  1018        4.288418       -3.386814       -0.157000
  1019        3.883781       -3.879786       -0.157006
  1020        3.390550       -4.285351       -0.157000
  1021        2.874081       -4.658825       -0.157002
  1022        2.311698       -4.959417       -0.157003
  1023        1.716714       -5.188650       -0.157000
  1024        1.105276       -5.374039       -0.157010
  1025        0.469086       -5.443789       -0.157001
  1026       -0.171334       -5.473124       -0.157000
     0     0     0     0     0
         1         2         3         4
         1         5         6         2
         6         7         8         9
         6         9        10         2
         6         5        11         7
        11        12        13         7
        13        14        15        16
        13        16         8         7
        13        12        17        14
        17        18        19        14
        19        20        21        22
        19        22        15        14
        19        18        23        20
        23        24        25        20
        25        26        27        28
        25        28        21        20
        25        24        29        26
        29        30        31        26
        31        32        33        34
        31        34        27        26
        31        30        35        32
        35        36        37        32
        37        38        39        40
        37        40        33        32
        37        36        41        38
        41        42        43        38
        43        44        45        46
        43        46        39        38
        43        42        47        44
        47        48        49        44
        49        50        51        52
        49        52        45        44
        49        48        53        50
        53        54        55        50
        55        56        57        58
        55        58        51        50
        55        54        59        56
        59        60        61        56
        61        62        63        64
        61        64        57        56
        61        60        65        62
        65        66        67        62
        67        68        69        70
        67        70        63        62
        67        66        71        68
        71        72        73        68
        73        74        75        76
        73        76        69        68
        73        72        77        74
        77        78        79        74
        79        80        81        82
        79        82        75        74
        79        78        83        80
        83        84        85        80
        85        86        87        88
        85        88        81        80
        85        84        89        86
        89        90        91        86
        91        92        93        94
        91        94        87        86
        91        90        95        92
        95        96        97        92
        97        98        99       100
        97       100        93        92
        97        96       101        98
       101       102       103        98
       103       104       105       106
       103       106        99        98
       103       102       107       104
       107       108       109       104
       109       110       111       112
       109       112       105       104
       109       108       113       110
       113       114       115       110
       115       116       117       118
       115       118       111       110
       115       114       119       116
       119       120       121       116
       121       122       123       124
       121       124       117       116
       121       120       125       122
       125       126       127       122
       127       128       129       130
       127       130       123       122
       127       126       131       128
       131       132       133       128
       133       134       135       136
       133       136       129       128
       133       132       137       134
       137       138       139       134
       139       142       135       134
       139       138       143       140
       143       144       145       140
       145       146       147       148
       145       148       141       140
       145       144       149       146
       149       150       151       146
       151       152       153       154
       151       154       147       146
       151       150       155       152
       155       156       157       152
       157       158       159       160
       157       160       153       152
       157       156       161       158
       161         4         3       158
       970       971       162       163
       970       163       164       969
       164       163       165       166
       164       166       167       168
       164       168       968       969
       168       167       169       170
       168       170       967       968
       170       169       171       172
       170       172       966       967
       172       171       173       174
       172       174       964       966
       174       173       175       176
       174       176       965       964
       176       175       177       178
       176       178       963       965
       178       177       179       180
       178       180       962       963
       180       179       181       182
       180       182       961       962
       182       181       183       184
       182       184       960       961
       184       183       185       186
       184       186       959       960
       186       185       187       188
       186       188       958       959
       188       187       189       190
       188       190       957       958
       190       189       191       192
       190       192       956       957
       192       191       193       194
       192       194       955       956
       194       193       195       196
       194       196       954       955
       196       195       197       198
       196       198       953       954
       198       197       199       200
       198       200       952       953
       200       199       201       202
       200       202       951       952
       202       201       203       204
       202       204       950       951
       204       203       205       206
       204       206       949       950
       206       205       207       208
       206       208       948       949
       208       207       209       210
       208       210       947       948
       210       209       211       212
       210       212       946       947
       212       211       213       214
       212       214       945       946
       214       213       215       216
       214       216       944       945
       216       215       217       218
       216       218       943       944
       218       217       219       220
       218       220       942       943
       220       219       221       222
       220       222       941       942
       222       221       223       224
       222       224       940       941
       224       223       225       226
       224       226       939       940
       226       225       227       228
       226       228       938       939
       228       227       229       230
       228       230       937       938
       230       229       231       232
       230       232       936       937
       232       231       233       234
       232       234       935       936
       234       233       235       236
       234       236       934       935
       236       235       237       238
       236       238       933       934
       238       237       239       240
       238       240       932       933
       240       239       241       242
       240       242       931       932
       242       241       243       244
       242       244       930       931
       244       243       245       246
       244       246       929       930
       246       245       247       248
       246       248       928       929
       248       247       249       250
       248       250       927       928
       250       249       251       252
       250       252       926       927
       252       251       253       254
       252       254       925       926
       254       253       255       256
       254       256       924       925
       256       255       257       258
       256       258       923       924
       258       257       259       260
       258       260       922       923
       260       259       261       262
       260       262       919       922
       262       261       263       264
       262       264       920       919
       264       263       265       266
       264       266       921       920
       266       265       267       268
       266       268       269       921
       269       268       162       971
       972       159       158         3
       972         3         2        10
       268       267       270       162
       270       267       271       272
       270       272       273       165
       270       165       163       162
       273       272       274       275
       273       275       276       277
       273       277       166       165
       277       276       278       279
       277       279       167       166
       279       278       280       281
       279       281       169       167
       281       280       282       283
       281       283       171       169
       283       282       284       285
       283       285       173       171
       285       284       286       287
       285       287       175       173
       287       286       288       289
       287       289       177       175
       289       288       290       291
       289       291       179       177
       291       290       292       293
       291       293       181       179
       293       292       294       295
       293       295       183       181
       295       294       296       297
       295       297       185       183
       297       296       298       299
       297       299       187       185
       299       298       300       301
       299       301       189       187
       301       300       302       303
       301       303       191       189
       303       302       304       305
       303       305       193       191
       305       304       306       307
       305       307       195       193
       307       306       308       309
       307       309       197       195
       309       308       310       311
       309       311       199       197
       311       310       312       313
       311       313       201       199
       313       312       314       315
       313       315       203       201
       315       314       316       317
       315       317       205       203
       317       316       318       319
       317       319       207       205
       319       318       320       321
       319       321       209       207
       321       320       322       323
       321       323       211       209
       323       322       324       325
       323       325       213       211
       325       324       326       327
       325       327       215       213
       327       326       328       329
       327       329       217       215
       329       328       330       331
       329       331       219       217
       331       330       332       333
       331       333       221       219
       333       332       334       335
       333       335       223       221
       335       334       336       337
       335       337       225       223
       337       336       338       339
       337       339       227       225
       339       338       340       341
       339       341       229       227
       341       340       342       343
       341       343       231       229
       343       342       344       345
       343       345       233       231
       345       344       346       347
       345       347       235       233
       347       346       348       349
       347       349       237       235
       349       348       350       351
       349       351       239       237
       351       350       352       353
       351       353       241       239
       353       352       354       355
       353       355       243       241
       355       354       356       357
       355       357       245       243
       357       356       358       359
       357       359       247       245
       359       358       360       361
       359       361       249       247
       361       360       362       363
       361       363       251       249
       363       362       364       365
       363       365       253       251
       365       364       366       367
       365       367       255       253
       367       366       368       369
       367       369       257       255
       369       368       370       371
       369       371       259       257
       371       370       372       373
       371       373       261       259
       373       372       374       375
       373       375       263       261
       375       374       376       377
       375       377       265       263
       377       376       378       271
       377       271       267       265
       378       376       379       380
       378       380       381       274
       378       274       272       271
       381       380       382       383
       381       383       384       385
       381       385       275       274
       385       384       386       387
       385       387       276       275
       387       386       388       389
       387       389       278       276
       389       388       390       391
       389       391       280       278
       391       390       392       393
       391       393       282       280
       393       392       394       395
       393       395       284       282
       395       394       396       397
       395       397       286       284
       397       396       398       399
       397       399       288       286
       399       398       400       401
       399       401       290       288
       401       400       402       403
       401       403       292       290
       403       402       404       405
       403       405       294       292
       405       404       406       407
       405       407       296       294
       407       406       408       409
       407       409       298       296
       409       408       410       411
       409       411       300       298
       411       410       412       413
       411       413       302       300
       413       412       414       415
       413       415       304       302
       415       414       416       417
       415       417       306       304
       417       416       418       419
       417       419       308       306
       419       418       420       421
       419       421       310       308
       421       420       422       423
       421       423       312       310
       423       422       424       425
       423       425       314       312
       425       424       426       427
       425       427       316       314
       427       426       428       429
       427       429       318       316
       429       428       430       431
       429       431       320       318
       431       430       432       433
       431       433       322       320
       433       432       434       435
       433       435       324       322
       435       434       436       437
       435       437       326       324
       437       436       438       439
       437       439       328       326
       439       438       440       441
       439       441       330       328
       441       440       442       443
       441       443       332       330
       443       442       444       445
       443       445       334       332
       445       444       446       447
       445       447       336       334
       447       446       448       449
       447       449       338       336
       449       448       450       451
       449       451       340       338
       451       450       452       453
       451       453       342       340
       453       452       454       455
       453       455       344       342
       455       454       456       457
       455       457       346       344
       457       456       458       459
       457       459       348       346
       459       458       460       461
       459       461       350       348
       461       460       462       463
       461       463       352       350
       463       462       464       465
       463       465       354       352
       465       464       466       467
       465       467       356       354
       467       466       468       469
       467       469       358       356
       469       468       470       471
       469       471       360       358
       471       470       472       473
       471       473       362       360
       473       472       474       475
       473       475       364       362
       475       474       476       477
       475       477       366       364
       477       476       478       479
       477       479       368       366
       479       478       480       481
       479       481       370       368
       481       480       482       483
       481       483       372       370
       483       482       484       485
       483       485       374       372
       485       484       486       379
       485       379       376       374
       486       484       487       488
       486       488       489       382
       486       382       380       379
       489       488       490       491
       489       491       492       493
       489       493       383       382
       493       492       494       495
       493       495       384       383
       495       494       496       497
       495       497       386       384
       497       496       498       499
       497       499       388       386
       499       498       500       501
       499       501       390       388
       501       500       502       503
       501       503       392       390
       503       502       504       505
       503       505       394       392
       505       504       506       507
       505       507       396       394
       507       506       508       509
       507       509       398       396
       509       508       510       511
       509       511       400       398
       511       510       512       513
       511       513       402       400
       513       512       514       515
       513       515       404       402
       515       514       516       517
       515       517       406       404
       517       516       518       519
       517       519       408       406
       519       518       520       521
       519       521       410       408
       521       520       522       523
       521       523       412       410
       523       522       524       525
       523       525       414       412
       525       524       526       527
       525       527       416       414
       527       526       528       529
       527       529       418       416
       529       528       530       531
       529       531       420       418
       531       530       532       533
       531       533       422       420
       533       532       534       535
       533       535       424       422
       535       534       536       537
       535       537       426       424
       537       536       538       539
       537       539       428       426
       539       538       540       541
       539       541       430       428
       541       540       542       543
       541       543       432       430
       543       542       544       545
       543       545       434       432
       545       544       546       547
       545       547       436       434
       547       546       548       549
       547       549       438       436
       549       548       550       551
       549       551       440       438
       551       550       552       553
       551       553       442       440
       553       552       554       555
       553       555       444       442
       555       554       556       557
       555       557       446       444
       557       556       558       559
       557       559       448       446
       559       558       560       561
       559       561       450       448
       561       560       562       563
       561       563       452       450
       563       562       564       565
       563       565       454       452
       565       564       566       567
       565       567       456       454
       567       566       568       569
       567       569       458       456
       569       568       570       571
       569       571       460       458
       571       570       572       573
       571       573       462       460
       573       572       574       575
       573       575       464       462
       575       574       576       577
       575       577       466       464
       577       576       578       579
       577       579       468       466
       579       578       580       581
       579       581       470       468
       581       580       582       583
       581       583       472       470
       583       582       584       585
       583       585       474       472
       585       584       586       587
       585       587       476       474
       587       586       588       589
       587       589       478       476
       589       588       590       591
       589       591       480       478
       591       590       592       593
       591       593       482       480
       593       592       594       487
       593       487       484       482
       594       592       595       596
       594       596       597       490
       594       490       488       487
       597       596       598       599
       597       599       600       601
       597       601       491       490
       601       600       602       603
       601       603       492       491
       603       602       604       605
       603       605       494       492
       605       604       606       607
       605       607       496       494
       607       606       608       609
       607       609       498       496
       609       608       610       611
       609       611       500       498
       611       610       612       613
       611       613       502       500
       613       612       614       615
       613       615       504       502
       615       614       616       617
       615       617       506       504
       617       616       618       619
       617       619       508       506
       619       618       620       621
       619       621       510       508
       621       620       622       623
       621       623       512       510
       623       622       624       625
       623       625       514       512
       625       624       626       627
       625       627       516       514
       627       626       628       629
       627       629       518       516
       629       628       630       631
       629       631       520       518
       631       630       632       633
       631       633       522       520
       633       632       634       635
       633       635       524       522
       635       634       636       637
       635       637       526       524
       637       636       638       639
       637       639       528       526
       639       638       640       641
       639       641       530       528
       641       640       642       643
       641       643       532       530
       643       642       644       645
       643       645       534       532
       645       644       646       647
       645       647       536       534
       647       646       648       649
       647       649       538       536
       649       648       650       651
       649       651       540       538
       651       650       652       653
       651       653       542       540
       653       652       654       655
       653       655       544       542
       655       654       656       657
       655       657       546       544
       657       656       658       659
       657       659       548       546
       659       658       660       661
       659       661       550       548
       661       660       662       663
       661       663       552       550
       663       662       664       665
       663       665       554       552
       665       664       666       667
       665       667       556       554
       667       666       668       669
       667       669       558       556
       669       668       670       671
       669       671       560       558
       671       670       672       673
       671       673       562       560
       673       672       674       675
       673       675       564       562
       675       674       676       677
       675       677       566       564
       677       676       678       679
       677       679       568       566
       679       678       680       681
       679       681       570       568
       681       680       682       683
       681       683       572       570
       683       682       684       685
       683       685       574       572
       685       684       686       687
       685       687       576       574
       687       686       688       689
       687       689       578       576
       689       688       690       691
       689       691       580       578
       691       690       692       693
       691       693       582       580
       693       692       694       695
       693       695       584       582
       695       694       696       697
       695       697       586       584
       697       696       698       699
       697       699       588       586
       699       698       700       701
       699       701       590       588
       701       700       702       595
       701       595       592       590
       702       700       703       704
       702       704       705       598
       702       598       596       595
       705       704       706       707
       705       707       708       709
       705       709       599       598
       709       708       710       711
       709       711       600       599
       711       710       712       713
       711       713       602       600
       713       712       714       715
       713       715       604       602
       715       714       716       717
       715       717       606       604
       717       716       718       719
       717       719       608       606
       719       718       720       721
       719       721       610       608
       721       720       722       723
       721       723       612       610
       723       722       724       725
       723       725       614       612
       725       724       726       727
       725       727       616       614
       727       726       728       729
       727       729       618       616
       729       728       730       731
       729       731       620       618
       731       730       732       733
       731       733       622       620
       733       732       734       735
       733       735       624       622
       735       734       736       737
       735       737       626       624
       737       736       738       739
       737       739       628       626
       739       738       740       741
       739       741       630       628
       741       740       742       743
       741       743       632       630
       743       742       744       745
       743       745       634       632
       745       744       746       747
       745       747       636       634
       747       746       748       749
       747       749       638       636
       749       748       750       751
       749       751       640       638
       751       750       752       753
       751       753       642       640
       753       752       754       755
       753       755       644       642
       755       754       756       757
       755       757       646       644
       757       756       758       759
       757       759       648       646
       759       758       760       761
       759       761       650       648
       761       760       762       763
       761       763       652       650
       763       762       764       765
       763       765       654       652
       765       764       766       767
       765       767       656       654
       767       766       768       769
       767       769       658       656
       769       768       770       771
       769       771       660       658
       771       770       772       773
       771       773       662       660
       773       772       774       775
       773       775       664       662
       775       774       776       777
       775       777       666       664
       777       776       778       779
       777       779       668       666
       779       778       780       781
       779       781       670       668
       781       780       782       783
       781       783       672       670
       783       782       784       785
       783       785       674       672
       785       784       786       787
       785       787       676       674
       787       786       788       789
       787       789       678       676
       789       788       790       791
       789       791       680       678
       791       790       792       793
       791       793       682       680
       793       792       794       795
       793       795       684       682
       795       794       796       797
       795       797       686       684
       797       796       798       799
       797       799       688       686
       799       798       800       801
       799       801       690       688
       801       800       802       803
       801       803       692       690
       803       802       804       805
       803       805       694       692
       805       804       806       807
       805       807       696       694
       807       806       808       809
       807       809       698       696
       809       808       810       703
       809       703       700       698
       810       808       811       812
       810       812       813       706
       810       706       704       703
       975       974       814       815
       975       815       816       817
       813       976       707       706
       817       816       818       819
       976       977       708       707
       819       818       820       821
       977       978       710       708
       821       820       822       823
       978       979       712       710
       823       822       824       825
       979       980       714       712
       825       824       826       827
       980       981       716       714
       827       826       828       829
       981       982       718       716
       829       828       830       831
       982       983       720       718
       831       830       832       833
       983       984       722       720
       833       832       834       835
       984       985       724       722
       835       834       836       837
       985       986       726       724
       837       836       838       839
       986       987       728       726
       839       838       840       841
       987       988       730       728
       841       840       842       843
       988       989       732       730
       843       842       844       845
       989       990       734       732
       845       844       846       847
       990       991       736       734
       847       846       848       849
       991       992       738       736
       849       848       850       851
       992       993       740       738
       851       850       852       853
       993       994       742       740
       853       852       854       855
       994       995       744       742
       855       854       856       857
       995       996       746       744
       857       856       858       859
       996       997       748       746
       859       858       860       861
       997       998       750       748
       861       860       862       863
       998       999       752       750
       863       862       864       865
       999      1000       754       752
       865       864       866       867
      1000      1001       756       754
       867       866       868       869
      1001      1002       758       756
       869       868       870       871
      1002      1003       760       758
       871       870       872       873
      1003      1004       762       760
       873       872       874       875
      1004      1005       764       762
       875       874       876       877
      1005      1006       766       764
       877       876       878       879
      1006      1007       768       766
       879       878       880       881
      1007      1008       770       768
       881       880       882       883
      1008      1009       772       770
       883       882       884       885
      1009      1010       774       772
       885       884       886       887
      1010      1011       776       774
       887       886       888       889
      1011      1012       778       776
       889       888       890       891
      1012      1013       780       778
       891       890       892       893
      1013      1014       782       780
       893       892       894       895
      1014      1015       784       782
       895       894       896       897
      1015      1016       786       784
       897       896       898       899
      1016      1017       788       786
       899       898       900       901
      1017      1018       790       788
       901       900       902       903
      1018      1019       792       790
       903       902       904       905
      1019      1020       794       792
       905       904       906       907
      1020      1021       796       794
       907       906       908       909
      1021      1022       798       796
       909       908       910       911
      1022      1023       800       798
       911       910       912       913
      1023      1024       802       800
       913       912       914       915
      1024      1025       804       802
       915       914       916       917
       917       916       918       973
      1026       811       808       806
       918       814       974       973
       139       140       141       142
      1025      1026       806       804
     0     0     0     0
